Rho =  [0.8346291222946691, 0.8346291222946691, 0.8039370768584047, 0.8039370768584047, 0.8039370768584047, 0.8039370768584047, 0.8039370768584047, 0.8039370768584047, 0.8039370768584047, 0.8039370768584047, 0.8039370768584047, 0.8039370768584047, 0.8039370768584047, 0.8039370768584047, 0.8039370768584047, 0.8039370768584047, 0.8039370768584047, 0.8039370768584047, 0.8346291222946691, 0.8346291222946691, 0.9986689874151772, 0.9986689874151772, 0.9986689874151772, 0.9986689874151772, 0.970289088392181, 0.970289088392181, 0.970289088392181, 0.970289088392181, 0.970289088392181, 0.970289088392181, 0.970289088392181, 0.970289088392181, 0.970289088392181, 0.970289088392181, 0.970289088392181, 0.970289088392181, 0.970289088392181, 0.970289088392181, 0.970289088392181, 0.970289088392181, 0.9986689874151773, 0.9986689874151773, 0.9986689874151773, 0.9986689874151773, 1.1634557475997513, 1.1634557475997513, 1.1634557475997513, 1.1634557475997513, 1.1634557475997513, 1.136733285390103, 1.136733285390103, 1.136733285390103, 1.136733285390103, 1.136733285390103, 1.136733285390103, 1.136733285390103, 1.136733285390103, 1.136733285390103, 1.136733285390103, 1.136733285390103, 1.136733285390103, 1.136733285390103, 1.136733285390103, 1.136733285390103, 1.136733285390103, 1.1634557475997513, 1.1634557475997513, 1.1634557475997513, 1.1634557475997513, 1.1634557475997513, 1.3287115422003728, 1.3287115422003728, 1.3287115422003728, 1.3287115422003728, 1.3287115422003728, 1.3287115422003728, 1.3032343475868728, 1.3032343475868728, 1.3032343475868728, 1.3032343475868728, 1.3032343475868728, 1.3032343475868728, 1.3032343475868728, 1.3032343475868728, 1.3032343475868728, 1.3032343475868728, 1.3032343475868728, 1.3032343475868728, 1.3032343475868728, 1.3032343475868728, 1.3032343475868728, 1.3032343475868728, 1.328711542200373, 1.328711542200373, 1.328711542200373, 1.328711542200373, 1.328711542200373, 1.328711542200373, 1.5415625420317778, 1.5415625420317778, 1.4942807646776575, 1.4942807646776575, 1.4942807646776575, 1.4942807646776575, 1.4942807646776575, 1.4942807646776575, 1.4942807646776575, 1.469772949438838, 1.469772949438838, 1.469772949438838, 1.469772949438838, 1.469772949438838, 1.469772949438838, 1.469772949438838, 1.469772949438838, 1.469772949438838, 1.469772949438838, 1.469772949438838, 1.469772949438838, 1.469772949438838, 1.469772949438838, 1.469772949438838, 1.469772949438838, 1.4942807646776577, 1.4942807646776577, 1.4942807646776577, 1.4942807646776577, 1.4942807646776577, 1.4942807646776577, 1.4942807646776577, 1.5415625420317778, 1.5415625420317778, 1.705993203825678, 1.705993203825678, 1.705993203825678, 1.6600696372593386, 1.6600696372593386, 1.6600696372593386, 1.6600696372593386, 1.6600696372593386, 1.6600696372593386, 1.6600696372593386, 1.6600696372593386, 1.636337629167543, 1.636337629167543, 1.636337629167543, 1.636337629167543, 1.636337629167543, 1.636337629167543, 1.636337629167543, 1.636337629167543, 1.636337629167543, 1.636337629167543, 1.636337629167543, 1.636337629167543, 1.636337629167543, 1.636337629167543, 1.636337629167543, 1.636337629167543, 1.6600696372593389, 1.6600696372593389, 1.6600696372593389, 1.6600696372593389, 1.6600696372593389, 1.6600696372593389, 1.6600696372593389, 1.6600696372593389, 1.7059932038256782, 1.7059932038256782, 1.7059932038256782, 1.8708196352291375, 1.8708196352291375, 1.8708196352291375, 1.8708196352291375, 1.8260183331419804, 1.8260183331419804, 1.8260183331419804, 1.8260183331419804, 1.8260183331419804, 1.8260183331419804, 1.8260183331419804, 1.8260183331419804, 1.8029211590950747, 1.8029211590950747, 1.8029211590950747, 1.8029211590950747, 1.8029211590950747, 1.8029211590950747, 1.8029211590950747, 1.8029211590950747, 1.8029211590950749, 1.8029211590950749, 1.8029211590950749, 1.8029211590950749, 1.8029211590950749, 1.8029211590950749, 1.8029211590950749, 1.8029211590950749, 1.8260183331419806, 1.8260183331419806, 1.8260183331419806, 1.8260183331419806, 1.8260183331419806, 1.8260183331419806, 1.8260183331419806, 1.8260183331419806, 1.8708196352291377, 1.8708196352291377, 1.8708196352291377, 1.8708196352291377, 2.035945716165812, 2.035945716165812, 2.035945716165812, 2.035945716165812, 2.035945716165812, 1.9920869109921975, 1.9920869109921975, 1.9920869109921975, 1.9920869109921975, 1.9920869109921975, 1.9920869109921975, 1.9920869109921975, 1.9920869109921975, 1.9695187561308864, 1.9695187561308864, 1.9695187561308864, 1.9695187561308864, 1.9695187561308864, 1.9695187561308864, 1.9695187561308864, 1.9695187561308864, 1.9695187561308864, 1.9695187561308864, 1.9695187561308864, 1.9695187561308864, 1.9695187561308864, 1.9695187561308864, 1.9695187561308864, 1.9695187561308864, 1.9920869109921975, 1.9920869109921975, 1.9920869109921975, 1.9920869109921975, 1.9920869109921975, 1.9920869109921975, 1.9920869109921975, 1.9920869109921975, 2.035945716165812, 2.035945716165812, 2.035945716165812, 2.035945716165812, 2.035945716165812, 2.2013040149748764, 2.2013040149748764, 2.2013040149748764, 2.2013040149748764, 2.2013040149748764, 2.2013040149748764, 2.1582476976653555, 2.1582476976653555, 2.1582476976653555, 2.1582476976653555, 2.1582476976653555, 2.1582476976653555, 2.1582476976653555, 2.1582476976653555, 2.1361271289755988, 2.1361271289755988, 2.1361271289755988, 2.1361271289755988, 2.1361271289755988, 2.1361271289755988, 2.1361271289755988, 2.1361271289755988, 2.1361271289755988, 2.1361271289755988, 2.1361271289755988, 2.1361271289755988, 2.1361271289755988, 2.1361271289755988, 2.1361271289755988, 2.1361271289755988, 2.1582476976653555, 2.1582476976653555, 2.1582476976653555, 2.1582476976653555, 2.1582476976653555, 2.1582476976653555, 2.1582476976653555, 2.1582476976653555, 2.201304014974877, 2.201304014974877, 2.201304014974877, 2.201304014974877, 2.201304014974877, 2.201304014974877, 2.4277765593177807, 2.3668458608601157, 2.3668458608601157, 2.3668458608601157, 2.3668458608601157, 2.3668458608601157, 2.3668458608601157, 2.3244809191655538, 2.3244809191655538, 2.3244809191655538, 2.3244809191655538, 2.3244809191655538, 2.3244809191655538, 2.3244809191655538, 2.3244809191655538, 2.3027439386730064, 2.3027439386730064, 2.3027439386730064, 2.3027439386730064, 2.3027439386730064, 2.3027439386730064, 2.3027439386730064, 2.3027439386730064, 2.3027439386730064, 2.3027439386730064, 2.3027439386730064, 2.3027439386730064, 2.3027439386730064, 2.3027439386730064, 2.3027439386730064, 2.3027439386730064, 2.3244809191655538, 2.3244809191655538, 2.3244809191655538, 2.3244809191655538, 2.3244809191655538, 2.3244809191655538, 2.3244809191655538, 2.3244809191655538, 2.366845860860115, 2.366845860860115, 2.366845860860115, 2.366845860860115, 2.366845860860115, 2.366845860860115, 2.4277765593177807];

