P1_Joystick =[5	1	4	1	5	1	4	1	5	1
4	1	4	1	2 	0	0	0	0	0
4	3	1	1	4	4	0	0	0	0
4	4	4	4	4	0	0	0	0	0
4	1	3	1	3	0	0	0	0	0
4	2	2	0	0	0	0	0 	0	0];
P1_Torso =[5	2	4	3	5	4	4	2	5	3
5	4	4	3	4 	0	0	0	0	0
4	4	4	3	5	5	0	0	0	0
4	4	5	4	5	0	0	0	0	0
5	4	4	5	4	0	0	0	0	0
4	2	3	0	0	0	0	0 	0	0];

P2_Joystick =[5	2	5	2	4	4	1	3	5	1
3	2	1	2	3 	0	0	0	0	0
3	4	4	2	2	5	0	0	0	0
5	4	4	5	4	0	0	0	0	0
5	3	3	4	4	0	0	0	0	0
5	1	1	0	0	0	0	0 	0	0];
P2_Torso =[5	2	5	3	5	4	2	3	5	1
5	4	1	4	1	0	0	0	0	0				
4	2	3	4	2	5	0	0	0	0			
5	3	3	5	4	0	0	0	0	0				
4	4	3	3	4	0	0	0	0	0				
5	1	1	0	0	0	0	0 	0	0];

P3_Joystick =[4	2	3	2	4	2	4	2	3	2
3	1	1	1	2	0	0	0	0	0				
1	3	1	1	1	3	0	0	0	0			
4	4	3	4	4	0	0	0	0	0				
4	2	3	2	3	0	0	0	0	0				
3	4	3	0	0	0	0	0 	0	0];
P3_Torso =[2	4	2	4	2	5	2	3	2	3
3	3	3	3	2	0	0	0	0	0				
2	4	4	4	4	3	0	0	0	0			
3	3	3	2	4	0	0	0	0	0				
2	4	2	3	4	0	0	0	0	0				
2	4	4	0	0	0	0	0 	0	0];

P4_Joystick =[4	1	4	1	4	2	2	1	3	2
4	3	3	3	5	0	0	0	0	0				
4	4	3	2	3	3	0	0	0	0			
4	4	3	3	4	0	0	0	0	0				
4	3	3	4	4	0	0	0	0	0				
3	3	4	0	0	0	0	0 	0	0];
P4_Torso =[3	4	4	4	4	3	4	4	3	3
3	3	3	2	4	0	0	0	0	0				
4	4	2	2	3	3	0	0	0	0			
4	3	3	3	4	0	0	0	0	0				
4	3	3	4	3	0	0	0	0	0				
3	3	4	0	0	0	0	0	0	0];

P5_Torso =[5	1	5	2	5	3	4	5	5	2
5	4	4	4	4	0	0	0	0	0				
4	4	4	4	4	4	0	0	0	0			
5	4	4	5	5	0	0	0	0	0				
4	4	4	4	4	0	0	0	0	0				
5	2	4	0	0	0	0	0	0	0];
P5_Joystick =[5	1	5	2	5	2	5	5	5	2
3	2	1	2	3	0	0	0	0	0				
3	4	4	2	2	5	0	0	0	0	
5	4	4	5	4	0	0	0	0	0				
5	3	3	4	4	0	0	0	0	0				
5	1	1	0	0	0	0	0	0	0];

P6_Torso =[1	1	4	5	4	3	3	4	3	2
4	1	1	1	3	0	0	0	0	0				
1	1	1	1	4	4	0	0	0	0			
4	3	3	4	4	0	0	0	0	0				
3	1	4	1	3	0	0	0	0	0				
5	1	3	0	0	0	0	0	0	0];
P6_Joystick =[1	1	4	5	4	1	4	1	4	1
4	1	1	1	3	0	0	0	0	0				
1	1	1	1	5	4	0	0	0	0			
4	4	3	4	4	0	0	0	0	0				
3	1	5	1	3	0	0	0	0	0				
5	1	3	0	0	0	0	0	0	0];

P7_Torso =[5	2	5	1	4	2	5	2	4	1
4	4	2	4	4	0	0	0	0	0				
4	4	2	4	5	4	0	0	0	0			
5	4	4	4	4	0	0	0	0	0				
4	4	4	4	4	0	0	0	0	0				
5	1	2	0	0	0	0	0	0	0];
P7_Joystick =[5	1	5	1	4	1	2	2	5	1
3	2	1	2	4	0	0	0	0	0				
3	3	1	1	4	4	0	0	0	0			
4	4	3	3	3	0	0	0	0	0				
4	4	4	2	2	0	0	0	0	0				
4	2	2	0	0	0	0	0	0	0];

P8_Torso =[4	4	4	5	3	4	2	4	2	1
3	1	1	1	2	0	0	0	0	0				
3	3	1	1	3	4	0	0	0	0			
3	2	2	3	3	0	0	0	0	0				
2	3	2	3	3	0	0	0	0	0				
2	4	3	0	0	0	0	0	0	0];
P8_Joystick =[5	1	5	1	4	1	2	2	5	1
3	2	1	2	4	0	0	0	0	0				
3	3	1	1	4	4	0	0	0	0			
4	4	3	3	3	0	0	0	0	0				
4	4	4	2	2	0	0	0	0	0				
4	2	2	0	0	0	0	0	0	0];




